7.075 9.05
7.425 9.4
7.675 9.75
7.925 10.15
8.875 11
8.475 10.85
8.425 10.7
9.475 11.05
9.975 11.2
10.875 11.2
11.775 11.2
7.675 8.9
7.925 9.4
8.325 9.6
8.475 9.65
8.975 10
9.125 10.15
9.775 10.35
10.225 10.45
10.925 10.5
11.475 10.5
8.825 8.8
9.425 9.5
10.875 9.95
10.325 9.8
11.475 9.8
9.525 8.85
9.775 9
10.125 9.15
10.475 9.2
10.925 9.25
7.275 8.6
7.125 8.1
7.325 7.75
7.725 7.9
7.925 8.45
8.725 8.5
8.525 8.15
8.375 7.7
8.675 7.5
8.375 7.1
7.025 9.7
7.375 10.3
7.875 10.95
8.375 11.35
9.175 11.55
10.025 11.7
10.725 11.75
11.625 11.7
11.825 9.5
12.125 10.45
12.375 11.3
7.525 7.1
6.975 7.4
6.475 7.85
6.575 8.6
6.575 9.25
5.775 7.6
6.075 7.1
6.575 6.9
6.975 6.4
5.975 6.3
5.575 6.7
6.925 6.05
7.575 6.45
7.575 5.8
5.975 8.4
5.775 9.15
5.125 7.45
5.325 8.4
6.325 9.8
6.725 10.6
8.375 11.8
9.775 12.2
11.325 12.3