Name: Near circle clients embedded facilities - 3

12.025 8.05
13.875 11.05
15.925 7.1

Name: Single Line clients Spread facilities - 4

11.275 8.6
7.225 6.65
14.025 12.1
12.975 7.1

Name: Annular Facilities and clients - 14

7.025 7.1
6.925 9
7.925 10.95
9.625 12.1
11.975 12.65
14.425 12.2
16.675 10.25
17.225 7.7
16.675 6
15.375 5
13.325 4.15
11.475 3.9
9.575 4.2
7.825 5.4

Name: Random many clients few facilities - 3

9.825 6.85
10.675 10.7
13.075 8.5

Name: Random many facilities Few clients - 30

7.275 4.65
8.575 6.1
5.575 7.55
5.925 10.1
8.525 12
7.925 9.05
18.575 8.55
13.575 10.35
14.925 7.2
19.275 6.65
21.225 12
14.725 13.8
18.725 11.75
11.025 5.9
18.525 1.75
13.575 3.4
15.175 5.25
11.175 8.55
9.625 15.1
6.225 13.95
17.775 15.55
16.025 10.85
12.975 16.45
4.675 10.35
11.425 2
23.325 8.2
12.075 11.35
10.775 9.65
10.675 11.85
12.175 13.55

Name: Large grid of clients and few facilities - 11

3 41
13 72
94 49
14 23
56 88
87 88
23 56
71 50
84 91
73 76
24 25